11111111111111111111111111111111111111111111111111111111
11111111111111111111111111111111111111111111111111111111
11111111111111111111111111111111111111111111111111111111
10001001101111110011100111110011100111111011100111100011
11011111101111011110110111011111101111011111101111011111
00111101111101111101111100111101111011011101111100111101
11110011110111110011110111110011110111111011110111101101
11011110110111011110110111011110110111011110110111011110
11011101111011011101101111101101101111101101101111101101
10111110110110111110110111101101110110111110110110111110
11011011111011011011111011011011111011011110110111011011
11101101101111101101101111101101101111101101101111101101
11101101110111101111110111101101110111101101110111101101
11011110110111011110110111011111001111011111001111011111
00111101111100111101111100111101111011011101111100111101
11110011110111110011110111110011110111110011110111101101
11011111001111011111001111011111001111011111001111011111
00111101111011011101111011011101111011011101111011011101
11101101110111101101110111101101110110111110110110111110
11011011111011011111111011011011111011011110110111011011
11101101111111101101101111101101101111101101101111101101
11101101110111111110110110111110110110111110110111111110
11011011111011011110110111011110110111011110110111011110
11011101111011011101111011011101111011011101111110111101
11111011110111111011110111111011110111111011110111101101
11011111101111011111101111011111101111011111101111011111
10111101111011011101111110111101111110111101111110111101
11111011110111111011110111101101110111101101110111101101
11011110110111011110110111011110110111011110110111011110
11011101111011011101111011011101111011011101111011011101
11101101110111101101110111101101110111101101110111101101
11011110110111011110110111011110110111011110110111111110
11011101111011011101111011011101111011011101111011011101
11101101110111101101110111101101110111101101110111101101
11011111001111011111101111011111001111011111001111011111
00111101111011011101111110111101111100111101111100111101
11110011110111110011110111101101110111110011110111110011
11011111001111011111001111011111001111011110110111011110
11011101111011011101111011011101111011011101111011011101
11101101110110111110110110111110110110111110110110111110
11011011111011011110110111011011111011011011111011011011
11101101101111101101101111101101111011011101101111101101
10111110110110111110110110111110110110111110110111101101
11011110110111011110110111011110110111011110110111011110
11011101111011011101111110111101111110111101111100111101
11111011110111110011110111101101110111110011110111110011
11011111101111011111001111011111101111011110110111011111
10111101111100111101111100111101111110111101111100111101
11101101110111101101110111101101110111101101110111101101
11011110110111011110110111011111111011011011111011011111
11101101111111101101101111101101111011011101101111101101
10111110110110111110110111111110110110111110110111101101
11011011111011011011111011011011111011011011111011011011
11101101111011011101111011011101111011011101111011011101
11101101110111101101110111101101110111110011110111110011
11011111001111011111001111011111001111011110110111011111
10111101111100111101111100111101111100111101111100111101
11101101110111111011110111110011110111110011110111110011
11011111001111011110110111011110110111011110110111011110
11011101111011011101111011011101111011111101111011011101
11101101110111101101110111101101110111101101110111101101
11011110110111011110110111011110110111011110110111011110
11011101111011011101111011011101111011011101111011011101
11101101110111101101110111101101110111101101110111101101
11011110110111011110110111011110110111011110110111011111
00111101111100111101111100111101111100111101111100111101
11101101110111110011110111110011110111110011110111110011
11011111001111011110110111011111101111011111001111011111
10111101111110111101111100111101111011011101111011011101
11101101110111101101110111101101110111101101110111101101
11011011111011011011111011011011111011011011111011011011
11101101111011011101101111111101101111101101101111101101
10111110110110111110110111101101110110111110110110111110
11011011111011011011111011011011111011011110110111011110
11011101111011011101111011011101111011011101111011011101
11101101110111111011110111111011110111111011110111111011
11011111101111011110110111011111101111011111101111011111
10111101111110111101111100111101111011011101111110111101
11111011110111110011110111110011110111110011110111101101
11011110110111011110110111011110110111011110110111011110
11011101111011011101101111101101101111111101101111101101
10111110110110111110110111101111110110111110110110111110
11011111111011011011111011011011111011011110110111011011
11101101101111101101101111101101101111101101101111101101
11101101110111101101110111101101110111101101110111101101
11011110110111011111110111011111001111011111001111011111
00111101111100111101111100111101111011011101111100111101
11110011110111110011110111110011110111110011110111101101
11011111001111011111001111011111001111011111001111111111
00111101111011011101111011011101111011011101111011011101
11101101110111101101110111101101110111101101110111101101
11011110110111011110110111011111111001110010011001110010
01100111001001100111111111111111111111111111111111111111
11111111111111111111111111111111111111111111111111111111
11111111111111111111111111111111111111111111111111111111
11111111111111111111111111111111111111111111111111111111
11111111111111111111111111111111111111111111111111111111111111