10101010
10101010
10101010
10100001
10100110
01000001
11100011
11110100
01000110
10101111
00001111
00111000
00001010
10101010
10101010
10101010
10101010
10101010
10101010
10101010
10101010
10101010
10101010
10101010
10101010
10101010
10101010
10101010
10101010
10101010
10101010
10101010
10101010
10101010
10101010
10101010
10101010
10101010
10101010
10101010
10101010
10101010
10101010
10101010
10101010
10101010
10101010
10101010
10101010
10101010
10101010
10101010
10101010
10101010
10101010
10101010
10101010
10101010
10101010
10101010
10101010
10101010
10101010
10101010
10011010
10100110
01101010
10100101
01100101
10010101
01101010
01010101
10101010
01101010
01101010
10101010
10011000
10011001
10100101
01000001
00010110
01001000
01000110
01110000
01001100
00110000
01101000
11111101
01011011
01010111
10010101
10100101
00111001
00011110
10111111
01011101
00000100
10010111
00000100
00100100
01001110
00010111
10010100
11110000
00101100
11110010
11111101
10001110
10101101
00001001
00110000
00110100
01111000
01011010
01000111
10000001
10101101
00110101
11010100
00000101
01010000
00000000
00000001
01000000
01000100
00000000
00010001
01000000
01000100
01000100
00010101
00000001
01000001
01010100
01000000
01000001
00010101
00000001
01000001
01010100
00000000
00010100
01010001
01000001
01000100
01000000
00010101
00000101
00010010
