GR 55
03124 78142 93241 20314 74647 32144 96475 10235 87455 63210
54123 64127 97899 03125 74748 62100 75413 79521 39254 12544
64125 74745 62311 79458 03214 56236 47122 79552 31245 79566
03120 41523 41247 97851 10258 69755 12078 46988 41025 46233
45878 96988 41200 64877 42366 41251 79852 60321 74589 46523
46477 85988 12011 67974 64220
RPT
GR 55
03124 78142 93241 20314 74647 32144 96475 10235 87455 63210
54123 64127 97899 03125 74748 62100 75413 79521 39254 12544
64125 74745 62311 79458 03214 56236 47122 79552 31245 79566
03120 41523 41247 97851 10258 69755 12078 46988 41025 46233
45878 96988 41200 64877 42366 41251 79852 60321 74589 46523
46477 85988 12011 67974 64220
RPT
GR 55
03124 78142 93241 20314 74647 32144 96475 10235 87455 63210
54123 64127 97899 03125 74748 62100 75413 79521 39254 12544
64125 74745 62311 79458 03214 56236 47122 79552 31245 79566
03120 41523 41247 97851 10258 69755 12078 46988 41025 46233
45878 96988 41200 64877 42366 41251 79852 60321 74589 46523
46477 85988 12011 67974 64220
RPT
GR 55
03124 78142 93241 20314 74647 32144 96475 10235 87455 63210
54123 64127 97899 03125 74748 62100 75413 79521 39254 12544
64125 74745 62311 79458 03214 56236 47122 79552 31245 79566
03120 41523 41247 97851 10258 69755 12078 46988 41025 46233
45878 96988 41200 64877 42366 41251 79852 60321 74589 46523
46477 85988 12011 67974 64220
END